digraph Tree {
node [shape=box] ;
0 [label="TENDERLOIN <= 0.5\ngini = 0.903\nsamples = 658536\nvalue = [1153, 57663, 292, 223, 27568, 3327, 1665, 40551, 3164\n857, 183, 374, 7985, 12444, 116, 1781, 131121, 1414\n900, 19521, 69304, 94530, 15, 5636, 2367, 17191, 1472\n7497, 3264, 107, 3456, 390, 23619, 5, 5458, 33452\n40326, 31714, 6431]"] ;
1 [label="Y <= -0.012\ngini = 0.901\nsamples = 597230\nvalue = [1108, 51896, 284, 212, 26438, 2684, 1587, 27350, 2848\n795, 178, 346, 7576, 11610, 106, 1622, 123726, 1281\n750, 18898, 63643, 84191, 14, 4988, 2264, 15543, 1464\n6980, 3020, 103, 3199, 370, 21727, 5, 4563, 32238\n39584, 26211, 5828]"] ;
0 -> 1 [labeldistance=2.5, labelangle=45, headlabel="True"] ;
2 [label="X <= 0.041\ngini = 0.914\nsamples = 255517\nvalue = [637, 25428, 103, 146, 10768, 1190, 675, 12156, 1060\n275, 78, 235, 3012, 4071, 50, 850, 35307, 615, 203\n11236, 23594, 41796, 6, 2791, 1459, 7550, 845, 3970\n1442, 67, 1137, 174, 10172, 3, 1676, 15111, 21912\n10342, 3375]"] ;
1 -> 2 ;
3 [label="gini = 0.907\nsamples = 117266\nvalue = [219, 10400, 56, 53, 5919, 307, 363, 3316, 452, 149\n50, 72, 1718, 2543, 14, 368, 20356, 214, 51, 4662\n12774, 16284, 3, 85, 578, 3116, 433, 1644, 717, 30\n519, 93, 4930, 0, 679, 7823, 12007, 3217, 1052]"] ;
2 -> 3 ;
4 [label="gini = 0.914\nsamples = 138251\nvalue = [418, 15028, 47, 93, 4849, 883, 312, 8840, 608, 126\n28, 163, 1294, 1528, 36, 482, 14951, 401, 152, 6574\n10820, 25512, 3, 2706, 881, 4434, 412, 2326, 725, 37\n618, 81, 5242, 3, 997, 7288, 9905, 7125, 2323]"] ;
2 -> 4 ;
5 [label="Y <= 0.028\ngini = 0.883\nsamples = 341713\nvalue = [471, 26468, 181, 66, 15670, 1494, 912, 15194, 1788\n520, 100, 111, 4564, 7539, 56, 772, 88419, 666, 547\n7662, 40049, 42395, 8, 2197, 805, 7993, 619, 3010\n1578, 36, 2062, 196, 11555, 2, 2887, 17127, 17672\n15869, 2453]"] ;
1 -> 5 ;
6 [label="gini = 0.893\nsamples = 196359\nvalue = [277, 15664, 92, 47, 7258, 797, 603, 11644, 1088, 238\n43, 69, 2590, 3736, 22, 486, 43975, 482, 343, 5510\n23287, 27407, 6, 231, 481, 4681, 565, 1922, 942, 27\n1165, 88, 6806, 1, 1461, 9812, 10091, 10747, 1675]"] ;
5 -> 6 ;
7 [label="gini = 0.863\nsamples = 145354\nvalue = [194, 10804, 89, 19, 8412, 697, 309, 3550, 700, 282\n57, 42, 1974, 3803, 34, 286, 44444, 184, 204, 2152\n16762, 14988, 2, 1966, 324, 3312, 54, 1088, 636, 9\n897, 108, 4749, 1, 1426, 7315, 7581, 5122, 778]"] ;
5 -> 7 ;
8 [label="X <= 0.457\ngini = 0.882\nsamples = 61306\nvalue = [45, 5767, 8, 11, 1130, 643, 78, 13201, 316, 62, 5\n28, 409, 834, 10, 159, 7395, 133, 150, 623, 5661\n10339, 1, 648, 103, 1648, 8, 517, 244, 4, 257, 20\n1892, 0, 895, 1214, 742, 5503, 603]"] ;
0 -> 8 [labeldistance=2.5, labelangle=-45, headlabel="False"] ;
9 [label="Y <= 0.027\ngini = 0.872\nsamples = 53326\nvalue = [43, 5360, 5, 9, 720, 596, 73, 12992, 288, 36, 5\n27, 249, 534, 9, 153, 4037, 123, 141, 563, 4995\n9509, 1, 641, 99, 1464, 8, 457, 215, 3, 203, 19\n1725, 0, 745, 1048, 697, 4954, 580]"] ;
8 -> 9 ;
10 [label="gini = 0.848\nsamples = 26951\nvalue = [9, 2384, 1, 3, 239, 316, 39, 7760, 127, 6, 2, 12\n102, 244, 4, 58, 2089, 67, 58, 240, 2109, 5168, 1\n6, 44, 739, 4, 181, 77, 1, 112, 8, 786, 0, 322\n464, 245, 2607, 317]"] ;
9 -> 10 ;
11 [label="gini = 0.891\nsamples = 26375\nvalue = [34, 2976, 4, 6, 481, 280, 34, 5232, 161, 30, 3\n15, 147, 290, 5, 95, 1948, 56, 83, 323, 2886, 4341\n0, 635, 55, 725, 4, 276, 138, 2, 91, 11, 939, 0\n423, 584, 452, 2347, 263]"] ;
9 -> 11 ;
12 [label="X <= 0.489\ngini = 0.791\nsamples = 7980\nvalue = [2, 407, 3, 2, 410, 47, 5, 209, 28, 26, 0, 1\n160, 300, 1, 6, 3358, 10, 9, 60, 666, 830, 0, 7\n4, 184, 0, 60, 29, 1, 54, 1, 167, 0, 150, 166\n45, 549, 23]"] ;
8 -> 12 ;
13 [label="gini = 0.844\nsamples = 3601\nvalue = [1, 282, 1, 2, 129, 12, 3, 100, 24, 3, 0, 0, 96\n183, 0, 4, 1211, 7, 6, 32, 417, 384, 0, 7, 1\n114, 0, 43, 22, 1, 24, 1, 103, 0, 71, 51, 15\n235, 16]"] ;
12 -> 13 ;
14 [label="gini = 0.733\nsamples = 4379\nvalue = [1, 125, 2, 0, 281, 35, 2, 109, 4, 23, 0, 1, 64\n117, 1, 2, 2147, 3, 3, 28, 249, 446, 0, 0, 3\n70, 0, 17, 7, 0, 30, 0, 64, 0, 79, 115, 30\n314, 7]"] ;
12 -> 14 ;
}
