digraph Tree {
node [shape=box] ;
0 [label="X[16] <= 0.5\ngini = 0.903\nsamples = 658536\nvalue = [1151, 57636, 290, 204, 27626, 3219, 1717, 40509, 3168\n893, 208, 362, 7942, 12546, 118, 1722, 131138, 1428\n920, 19578, 69232, 94569, 14, 5608, 2309, 17281, 1467\n7488, 3322, 120, 3376, 382, 23593, 3, 5534, 33607\n40254, 31588, 6414]"] ;
1 [label="X[41] <= -0.005\ngini = 0.901\nsamples = 597146\nvalue = [1104, 51824, 277, 192, 26513, 2621, 1640, 27182, 2842\n818, 201, 329, 7522, 11686, 109, 1577, 123754, 1289\n774, 18938, 63621, 84260, 13, 4923, 2200, 15621, 1459\n6949, 3067, 116, 3130, 362, 21730, 3, 4627, 32399\n39503, 26151, 5820]"] ;
0 -> 1 [labeldistance=2.5, labelangle=45, headlabel="True"] ;
2 [label="X[41] <= -0.008\ngini = 0.914\nsamples = 260001\nvalue = [642, 25742, 104, 139, 11097, 1197, 700, 12366, 1075\n302, 85, 226, 3078, 4253, 55, 864, 36124, 599, 210\n11362, 23920, 42523, 6, 2792, 1426, 7654, 826, 3987\n1462, 76, 1142, 177, 10407, 2, 1734, 15506, 22131\n10564, 3446]"] ;
1 -> 2 ;
3 [label="X[7] <= 0.5\ngini = 0.913\nsamples = 233881\nvalue = [609, 23788, 96, 126, 10393, 907, 632, 9037, 959, 280\n82, 223, 2866, 3832, 55, 796, 32305, 519, 146, 11089\n21554, 37643, 6, 1735, 1365, 6894, 814, 3770, 1366\n74, 999, 169, 9696, 2, 1618, 14525, 20937, 8772\n3202]"] ;
2 -> 3 ;
4 [label="gini = 0.913\nsamples = 170902\nvalue = [315, 16686, 75, 89, 7627, 757, 502, 5778, 801, 207\n70, 172, 2296, 3243, 29, 564, 26017, 439, 108, 7356\n17310, 25381, 4, 1698, 833, 4947, 606, 2542, 1091\n56, 734, 140, 6881, 1, 1160, 10760, 15934, 5718\n1975]"] ;
3 -> 4 ;
5 [label="gini = 0.91\nsamples = 62979\nvalue = [294, 7102, 21, 37, 2766, 150, 130, 3259, 158, 73\n12, 51, 570, 589, 26, 232, 6288, 80, 38, 3733\n4244, 12262, 2, 37, 532, 1947, 208, 1228, 275, 18\n265, 29, 2815, 1, 458, 3765, 5003, 3054, 1227]"] ;
3 -> 5 ;
6 [label="X[10] <= 0.5\ngini = 0.901\nsamples = 26120\nvalue = [33, 1954, 8, 13, 704, 290, 68, 3329, 116, 22, 3\n3, 212, 421, 0, 68, 3819, 80, 64, 273, 2366, 4880\n0, 1057, 61, 760, 12, 217, 96, 2, 143, 8, 711, 0\n116, 981, 1194, 1792, 244]"] ;
2 -> 6 ;
7 [label="gini = 0.871\nsamples = 5520\nvalue = [13, 283, 3, 1, 360, 18, 22, 131, 25, 6, 1, 1\n44, 109, 0, 9, 1542, 10, 0, 88, 520, 691, 0, 12\n22, 124, 5, 43, 19, 0, 30, 2, 187, 0, 31, 358\n586, 195, 29]"] ;
6 -> 7 ;
8 [label="gini = 0.895\nsamples = 20600\nvalue = [20, 1671, 5, 12, 344, 272, 46, 3198, 91, 16, 2\n2, 168, 312, 0, 59, 2277, 70, 64, 185, 1846, 4189\n0, 1045, 39, 636, 7, 174, 77, 2, 113, 6, 524, 0\n85, 623, 608, 1597, 215]"] ;
6 -> 8 ;
9 [label="X[41] <= 0.013\ngini = 0.883\nsamples = 337145\nvalue = [462, 26082, 173, 53, 15416, 1424, 940, 14816, 1767\n516, 116, 103, 4444, 7433, 54, 713, 87630, 690, 564\n7576, 39701, 41737, 7, 2131, 774, 7967, 633, 2962\n1605, 40, 1988, 185, 11323, 1, 2893, 16893, 17372\n15587, 2374]"] ;
1 -> 9 ;
10 [label="X[41] <= 0.009\ngini = 0.894\nsamples = 188883\nvalue = [250, 15092, 80, 39, 7005, 718, 609, 10928, 1018, 227\n49, 64, 2516, 3656, 20, 429, 42064, 467, 305, 5442\n22674, 26292, 4, 164, 441, 4496, 582, 1861, 958, 28\n1074, 86, 6553, 1, 1434, 9620, 9812, 10232, 1593]"] ;
9 -> 10 ;
11 [label="gini = 0.891\nsamples = 132709\nvalue = [190, 10101, 52, 27, 5076, 559, 449, 5533, 705, 163\n34, 49, 1641, 2768, 17, 300, 30321, 286, 221, 4511\n17323, 17737, 2, 121, 319, 2893, 520, 1300, 694, 23\n642, 62, 4718, 0, 1063, 7042, 7624, 6645, 978]"] ;
10 -> 11 ;
12 [label="gini = 0.895\nsamples = 56174\nvalue = [60, 4991, 28, 12, 1929, 159, 160, 5395, 313, 64\n15, 15, 875, 888, 3, 129, 11743, 181, 84, 931\n5351, 8555, 2, 43, 122, 1603, 62, 561, 264, 5, 432\n24, 1835, 1, 371, 2578, 2188, 3587, 615]"] ;
10 -> 12 ;
13 [label="X[14] <= 0.5\ngini = 0.863\nsamples = 148262\nvalue = [212, 10990, 93, 14, 8411, 706, 331, 3888, 749, 289\n67, 39, 1928, 3777, 34, 284, 45566, 223, 259, 2134\n17027, 15445, 3, 1967, 333, 3471, 51, 1101, 647, 12\n914, 99, 4770, 0, 1459, 7273, 7560, 5355, 781]"] ;
9 -> 13 ;
14 [label="gini = 0.872\nsamples = 117006\nvalue = [178, 8808, 81, 12, 7079, 625, 282, 3201, 562, 199\n62, 30, 1579, 2881, 31, 243, 33917, 180, 165, 1791\n13216, 12149, 3, 1938, 266, 2591, 46, 911, 521, 11\n748, 90, 3909, 0, 1049, 6179, 6714, 4129, 630]"] ;
13 -> 14 ;
15 [label="gini = 0.821\nsamples = 31256\nvalue = [34, 2182, 12, 2, 1332, 81, 49, 687, 187, 90, 5\n9, 349, 896, 3, 41, 11649, 43, 94, 343, 3811, 3296\n0, 29, 67, 880, 5, 190, 126, 1, 166, 9, 861, 0\n410, 1094, 846, 1226, 151]"] ;
13 -> 15 ;
16 [label="X[41] <= 0.015\ngini = 0.881\nsamples = 61390\nvalue = [47, 5812, 13, 12, 1113, 598, 77, 13327, 326, 75, 7\n33, 420, 860, 9, 145, 7384, 139, 146, 640, 5611\n10309, 1, 685, 109, 1660, 8, 539, 255, 4, 246, 20\n1863, 0, 907, 1208, 751, 5437, 594]"] ;
0 -> 16 [labeldistance=2.5, labelangle=-45, headlabel="False"] ;
17 [label="X[41] <= 0.013\ngini = 0.872\nsamples = 53553\nvalue = [43, 5362, 9, 11, 713, 558, 70, 13075, 289, 17, 6\n32, 298, 645, 8, 137, 4369, 134, 140, 564, 4884\n9518, 1, 671, 102, 1499, 8, 490, 226, 4, 198, 16\n1673, 0, 736, 1011, 531, 4941, 564]"] ;
16 -> 17 ;
18 [label="X[41] <= 0.011\ngini = 0.848\nsamples = 27255\nvalue = [9, 2422, 2, 6, 231, 285, 43, 7903, 137, 6, 2, 15\n104, 234, 3, 54, 2101, 71, 56, 269, 2114, 5150, 1\n6, 53, 756, 3, 205, 90, 1, 110, 6, 786, 0, 331\n480, 259, 2636, 315]"] ;
17 -> 18 ;
19 [label="gini = 0.89\nsamples = 5556\nvalue = [4, 509, 0, 1, 63, 116, 10, 818, 41, 1, 0, 3\n22, 60, 0, 9, 945, 17, 33, 54, 552, 954, 0, 1\n17, 172, 0, 32, 20, 0, 49, 0, 167, 0, 128, 145\n83, 457, 73]"] ;
18 -> 19 ;
20 [label="gini = 0.828\nsamples = 21699\nvalue = [5, 1913, 2, 5, 168, 169, 33, 7085, 96, 5, 2, 12\n82, 174, 3, 45, 1156, 54, 23, 215, 1562, 4196, 1\n5, 36, 584, 3, 173, 70, 1, 61, 6, 619, 0, 203\n335, 176, 2179, 242]"] ;
18 -> 20 ;
21 [label="X[41] <= 0.014\ngini = 0.891\nsamples = 26298\nvalue = [34, 2940, 7, 5, 482, 273, 27, 5172, 152, 11, 4\n17, 194, 411, 5, 83, 2268, 63, 84, 295, 2770, 4368\n0, 665, 49, 743, 5, 285, 136, 3, 88, 10, 887, 0\n405, 531, 272, 2305, 249]"] ;
17 -> 21 ;
22 [label="gini = 0.896\nsamples = 10606\nvalue = [11, 1383, 2, 1, 195, 86, 13, 1581, 91, 6, 2, 9\n56, 95, 2, 39, 670, 31, 35, 138, 1453, 1753, 0\n465, 20, 308, 1, 125, 46, 2, 24, 8, 463, 0, 122\n227, 97, 941, 105]"] ;
21 -> 22 ;
23 [label="gini = 0.881\nsamples = 15692\nvalue = [23, 1557, 5, 4, 287, 187, 14, 3591, 61, 5, 2, 8\n138, 316, 3, 44, 1598, 32, 49, 157, 1317, 2615, 0\n200, 29, 435, 4, 160, 90, 1, 64, 2, 424, 0, 283\n304, 175, 1364, 144]"] ;
21 -> 23 ;
24 [label="X[41] <= 0.016\ngini = 0.818\nsamples = 7837\nvalue = [4, 450, 4, 1, 400, 40, 7, 252, 37, 58, 1, 1\n122, 215, 1, 8, 3015, 5, 6, 76, 727, 791, 0, 14\n7, 161, 0, 49, 29, 0, 48, 4, 190, 0, 171, 197\n220, 496, 30]"] ;
16 -> 24 ;
25 [label="X[41] <= 0.015\ngini = 0.861\nsamples = 3853\nvalue = [3, 285, 0, 0, 161, 28, 4, 162, 29, 27, 1, 1\n41, 98, 1, 7, 1207, 3, 5, 49, 443, 372, 0, 11\n5, 86, 0, 34, 22, 0, 19, 4, 116, 0, 109, 88\n186, 225, 21]"] ;
24 -> 25 ;
26 [label="gini = 0.807\nsamples = 1473\nvalue = [1, 93, 0, 0, 65, 8, 0, 45, 14, 1, 0, 0, 12\n51, 0, 3, 589, 1, 2, 21, 154, 114, 0, 2, 1, 34\n0, 13, 8, 0, 9, 1, 31, 0, 57, 20, 8, 107, 8]"] ;
25 -> 26 ;
27 [label="gini = 0.883\nsamples = 2380\nvalue = [2, 192, 0, 0, 96, 20, 4, 117, 15, 26, 1, 1, 29\n47, 1, 4, 618, 2, 3, 28, 289, 258, 0, 9, 4, 52\n0, 21, 14, 0, 10, 3, 85, 0, 52, 68, 178, 118\n13]"] ;
25 -> 27 ;
28 [label="X[41] <= 0.017\ngini = 0.764\nsamples = 3984\nvalue = [1, 165, 4, 1, 239, 12, 3, 90, 8, 31, 0, 0, 81\n117, 0, 1, 1808, 2, 1, 27, 284, 419, 0, 3, 2\n75, 0, 15, 7, 0, 29, 0, 74, 0, 62, 109, 34\n271, 9]"] ;
24 -> 28 ;
29 [label="gini = 0.749\nsamples = 3692\nvalue = [0, 145, 2, 1, 231, 12, 2, 84, 7, 30, 0, 0, 58\n105, 0, 1, 1739, 2, 1, 23, 240, 386, 0, 1, 2\n66, 0, 12, 5, 0, 26, 0, 65, 0, 59, 96, 21, 262\n8]"] ;
28 -> 29 ;
30 [label="gini = 0.887\nsamples = 292\nvalue = [1, 20, 2, 0, 8, 0, 1, 6, 1, 1, 0, 0, 23, 12\n0, 0, 69, 0, 0, 4, 44, 33, 0, 2, 0, 9, 0, 3\n2, 0, 3, 0, 9, 0, 3, 13, 13, 9, 1]"] ;
28 -> 30 ;
}
